MORPH2 MAE: 5.68
MAE: 10.583
N: 1000
TRUE | PRED
25 16
19 20
36 20
24 35
19 20
24 24
37 20
23 26
24 23
25 20
34 35
21 21
22 43
23 46
23 20
22 35
18 18
39 41
33 34
34 43
21 20
19 20
19 21
15 17
19 33
38 20
35 35
18 20
24 41
25 41
21 20
21 43
30 42
19 24
20 43
26 33
21 22
26 20
22 46
37 36
22 27
25 49
22 20
29 39
29 21
37 22
22 23
27 33
34 38
23 18
32 37
17 20
19 33
39 37
25 49
36 16
19 25
21 35
29 18
24 45
31 17
40 43
21 18
35 50
38 39
25 20
47 41
20 39
19 35
24 41
39 20
18 21
33 16
36 20
36 18
31 45
34 46
16 20
24 41
22 49
22 32
35 39
25 39
22 24
23 35
39 20
26 18
23 20
19 48
27 39
30 37
26 35
35 47
25 30
20 35
19 20
21 42
26 39
20 37
20 16
26 20
19 20
22 23
20 17
20 41
22 16
24 20
29 20
26 17
22 38
21 16
32 39
19 21
20 18
35 42
21 17
25 17
30 25
25 20
19 24
19 20
38 20
26 39
24 20
22 34
19 18
26 32
22 22
19 41
26 20
25 24
21 18
15 20
24 22
25 22
31 35
21 49
19 23
18 21
26 24
26 20
19 20
22 20
35 20
33 20
19 41
21 20
30 39
25 35
20 17
19 41
20 21
27 42
24 17
20 23
39 49
35 20
35 17
20 37
35 20
32 41
24 20
25 17
17 24
27 39
36 20
19 22
23 20
32 36
26 16
27 43
19 46
23 37
28 56
24 32
22 17
21 42
19 49
19 55
38 29
19 16
30 17
21 34
19 28
29 49
23 23
25 34
24 41
20 17
29 42
20 16
29 44
26 18
20 20
34 22
34 20
22 45
27 23
22 41
42 41
22 49
30 20
38 16
30 49
24 22
29 19
22 51
20 23
31 38
18 18
24 55
22 37
35 20
18 24
18 32
31 24
26 27
36 43
25 39
18 20
31 46
27 38
35 16
18 20
33 32
33 16
22 20
24 46
36 17
17 21
22 31
30 18
19 41
39 23
21 38
26 41
16 41
20 20
22 32
32 16
28 40
21 55
32 55
23 37
22 16
40 32
20 32
31 17
23 34
20 41
15 22
30 23
24 20
22 55
20 20
19 37
25 22
23 17
38 40
21 17
20 39
34 21
29 20
25 23
30 17
21 19
21 20
25 16
36 19
24 22
22 43
19 44
18 20
38 42
32 19
19 16
24 16
17 20
36 34
32 32
31 41
20 27
25 21
21 34
20 23
20 37
20 55
39 17
25 18
27 20
26 35
24 22
25 35
22 18
25 20
18 36
21 28
18 20
19 21
25 18
31 41
22 34
30 21
38 41
20 56
31 23
23 41
20 17
25 16
26 20
33 20
26 39
35 20
38 42
22 27
21 20
25 34
21 16
23 18
18 17
25 36
29 34
24 35
30 42
20 17
16 19
25 36
18 41
26 21
19 18
16 20
26 37
24 37
27 35
21 36
29 33
16 47
20 46
18 41
26 42
18 47
27 21
39 20
20 20
20 34
25 55
19 21
22 20
36 42
23 41
33 22
21 37
17 35
30 35
21 17
32 47
24 20
24 42
33 32
36 33
36 39
18 23
37 16
32 20
22 35
15 39
23 22
16 41
20 20
29 18
21 16
22 37
19 28
20 20
30 20
36 36
19 49
20 39
25 49
20 23
16 18
25 16
31 20
38 54
22 20
34 20
31 16
21 22
20 16
24 28
21 39
35 43
22 23
38 37
16 44
31 55
38 20
18 22
34 20
19 35
37 18
26 20
37 22
22 55
32 16
23 17
24 23
25 17
35 34
38 43
36 17
19 35
22 36
22 20
24 35
20 44
15 20
23 23
25 43
23 20
22 18
25 17
37 33
22 38
21 20
25 44
22 20
24 18
18 35
19 48
26 46
20 21
23 20
20 44
31 20
24 21
35 50
15 23
36 37
30 38
33 37
36 20
39 21
23 20
23 38
25 45
19 16
16 34
24 32
28 43
27 16
36 39
29 44
40 36
25 20
18 20
22 16
25 39
39 43
20 37
23 20
33 37
26 22
18 33
24 41
20 40
22 39
34 39
18 16
38 39
37 23
22 38
34 41
23 25
29 20
38 24
37 35
33 20
40 41
31 44
21 37
21 29
19 37
34 48
21 40
20 46
24 18
25 16
28 35
30 20
39 44
29 17
15 16
30 18
26 16
27 23
36 36
28 24
26 16
17 20
27 35
24 23
26 43
28 35
44 39
23 22
19 20
30 39
33 40
23 32
29 28
29 22
35 23
19 41
22 31
32 35
37 55
24 20
22 55
20 43
32 20
19 36
33 20
22 35
39 34
25 23
37 21
21 37
25 20
28 55
31 44
31 20
27 16
25 43
35 37
29 40
17 37
19 28
28 20
33 20
18 20
21 20
23 34
19 20
24 49
25 43
29 35
28 39
34 20
27 37
24 39
26 23
36 39
29 35
21 39
36 38
19 43
20 35
28 33
22 32
25 49
39 23
38 22
24 39
19 55
43 20
22 36
27 20
36 32
26 29
20 17
22 20
19 27
38 43
20 18
21 19
24 45
17 19
20 16
19 17
22 42
27 55
20 20
34 21
20 17
32 34
21 48
27 21
24 18
24 19
19 41
25 20
24 49
23 36
25 41
25 16
27 20
23 25
23 21
26 36
23 39
36 39
27 19
19 21
36 37
35 21
19 20
15 17
25 24
23 39
22 43
16 37
23 20
37 20
28 41
31 44
20 23
18 28
20 49
27 49
35 40
25 17
25 39
33 34
28 20
27 39
23 39
36 28
27 17
21 39
30 20
22 17
24 22
19 17
20 22
24 29
22 39
66 20
37 49
21 39
24 46
29 17
24 17
22 36
37 23
28 20
22 22
18 45
20 34
28 20
35 17
38 16
39 43
32 36
32 37
16 20
28 35
39 20
19 39
23 19
20 35
25 39
22 40
21 20
19 39
36 16
25 43
30 24
28 20
28 37
20 39
23 23
26 17
24 37
21 20
19 17
34 23
25 35
23 18
30 43
19 20
22 20
39 39
32 21
21 42
36 37
31 39
23 20
47 43
33 20
26 36
18 20
22 44
38 48
36 37
22 44
20 46
23 17
22 37
28 22
22 41
22 20
19 20
22 55
23 39
22 39
36 23
35 43
19 23
38 20
20 37
23 37
25 20
19 45
25 42
29 35
30 19
16 37
21 17
39 43
27 41
24 32
22 17
37 21
31 17
26 37
20 37
25 44
20 21
20 17
22 16
20 46
20 24
29 36
22 42
25 20
26 16
19 20
23 20
37 30
23 22
19 20
18 39
26 37
34 17
28 35
21 39
24 34
19 20
28 17
29 40
31 20
25 37
23 41
30 20
24 20
29 51
15 16
25 20
37 17
25 17
29 16
24 16
24 39
27 20
21 42
24 41
26 37
20 49
21 18
18 41
24 21
30 46
18 20
15 48
23 17
25 21
19 39
39 42
18 29
27 24
30 44
32 34
35 49
38 41
35 36
21 36
19 19
24 17
33 32
32 41
24 41
26 37
33 34
23 20
17 20
24 20
39 46
24 16
16 38
21 16
29 18
32 20
25 32
40 39
19 32
23 49
24 38
21 20
24 42
40 22
21 43
28 37
27 43
20 27
18 20
15 35
38 21
24 49
35 45
35 28
21 16
33 43
33 43
36 20
29 45
26 22
25 17
21 16
26 21
24 38
25 21
27 39
19 42
26 17
30 35
23 40
22 37
37 42
19 23
38 39
34 20
19 48
27 21
21 35
40 22
25 41
23 20
20 20
24 37
25 48
16 27
21 18
28 37
24 32
24 35
39 16
22 28
22 28
23 20
20 21
39 36
22 16
32 37
32 18
26 43
22 38
24 20
21 37
19 34
19 29
33 37
22 45
19 39
36 32
31 20
22 41
28 43
27 21
38 21
20 43
30 20
15 18
29 19
28 16
16 17
24 46
22 20
21 44
20 17
24 20
27 16
24 23
22 55
23 20
21 20
25 20
20 20
21 34
25 20
37 33
33 21
21 33
23 31
29 37
22 46
19 49
20 16
19 38
23 20
32 37
37 17
23 39
25 39
25 36
25 37
19 37
20 41
21 36
28 40
30 18
30 48
25 42
30 20
24 46
26 20
19 43
21 33
22 39
31 20
21 55
20 37
19 34
30 42
31 43
38 20
19 19
27 36
23 20
26 24
23 43
24 23
23 35
34 20
23 18
34 43
36 20
37 23
26 34
22 34
23 39
24 23
26 45
19 17
40 20
33 49
28 23
27 24
25 37
21 32
22 18
22 41
26 47
30 24
39 34
22 35
25 32
23 16
32 36
30 22
23 41
26 16
19 32
21 17
24 55
49 20
22 37
27 41
22 20
31 41
20 20
39 36
39 31
31 20
19 22
22 34
27 42
28 50
25 49
20 39
27 20
25 46
28 21
25 21
31 16
30 38
25 32
19 32
18 49
20 21
