MORPH2 MAE: 5.68
MAE: 12.335
N: 1000
TRUE | PRED
27 28
47 35
38 36
24 19
38 36
38 18
42 37
26 39
50 47
32 41
22 18
51 37
30 36
29 37
26 16
45 24
29 39
35 23
50 51
54 46
39 35
80 48
26 20
40 24
48 20
22 20
29 20
28 34
26 18
52 36
25 22
23 20
55 35
32 20
24 38
35 36
29 39
45 22
72 52
60 48
20 24
59 39
72 46
23 20
25 18
29 37
46 39
50 39
27 39
27 43
28 29
36 18
28 20
30 39
47 34
39 38
80 36
42 49
26 20
44 37
53 49
31 20
53 49
40 43
30 20
37 17
41 36
85 49
75 36
72 38
45 39
35 34
55 44
52 39
39 39
86 49
44 37
29 37
29 39
16 20
32 37
45 30
27 29
28 20
19 20
35 20
53 39
51 55
32 39
15 42
67 46
26 27
26 39
26 39
45 28
52 37
38 20
30 22
85 37
36 20
56 48
26 44
40 20
20 36
30 20
28 20
26 37
63 51
30 21
14 20
58 50
38 36
54 21
26 20
78 39
51 33
26 22
25 34
35 17
53 39
60 39
54 47
20 19
31 37
52 46
22 16
26 42
68 41
20 17
37 34
20 39
26 23
61 37
37 19
56 39
39 36
48 31
60 36
26 37
26 43
37 28
26 21
32 29
26 20
54 37
28 39
26 20
27 39
26 16
16 25
57 55
24 36
70 37
71 46
28 20
23 23
58 36
38 30
80 58
50 55
28 35
45 20
50 36
20 18
54 24
36 20
15 20
30 20
26 37
80 36
65 39
22 18
40 35
26 18
55 41
32 18
12 20
27 48
18 45
34 20
20 17
25 24
49 38
36 48
36 28
29 20
24 39
29 47
32 20
24 18
61 39
25 39
12 20
24 20
55 20
26 19
41 41
29 39
60 45
28 18
70 41
58 48
15 18
56 20
25 33
32 23
68 56
63 46
55 40
32 42
25 31
56 46
14 48
29 36
50 48
62 45
30 45
60 40
54 20
43 41
27 18
67 55
28 17
14 49
26 31
29 20
46 39
26 35
32 39
26 24
39 48
60 42
62 20
24 21
36 37
25 21
26 27
35 21
26 20
34 36
22 39
26 18
30 28
20 35
20 26
71 57
54 39
55 40
54 50
55 20
26 36
17 40
40 42
55 48
28 24
30 26
28 36
19 22
55 43
58 45
48 35
75 40
39 20
18 27
30 39
37 34
53 47
63 40
35 38
56 35
24 39
29 20
68 36
26 37
73 46
60 55
26 43
59 54
38 21
30 36
24 20
26 17
39 55
35 37
34 37
27 32
26 17
85 39
14 20
90 49
35 39
21 18
38 17
57 43
45 18
65 43
24 20
25 22
12 16
31 17
32 37
26 23
36 43
35 43
23 25
70 21
28 20
43 39
35 39
45 41
25 16
59 20
49 23
25 20
26 28
26 23
39 38
21 17
20 35
78 48
47 41
70 36
96 37
33 39
48 42
29 37
60 39
65 40
59 43
55 36
37 40
18 19
26 36
35 39
34 35
29 37
30 39
39 39
29 19
32 37
57 37
28 37
55 52
40 21
27 20
20 16
36 36
62 41
38 20
28 27
48 37
22 19
45 36
48 39
26 35
26 20
22 36
26 55
25 20
65 46
68 20
11 20
32 22
20 20
24 22
83 49
64 55
26 27
58 37
67 35
72 46
28 20
50 40
26 24
75 39
36 43
35 39
34 37
24 18
27 23
34 20
30 19
42 17
49 39
89 55
28 35
37 43
24 39
25 31
29 20
34 39
54 43
26 16
25 20
55 44
35 28
26 26
76 57
30 37
22 36
26 20
85 51
90 38
45 34
36 26
29 37
43 27
23 22
36 25
17 16
86 45
26 27
35 23
46 23
26 52
24 20
13 48
46 20
26 23
70 49
19 18
23 18
27 37
50 23
28 20
25 18
77 36
32 38
28 31
77 45
26 39
60 20
90 48
24 37
28 38
22 18
26 34
35 28
27 21
18 43
28 20
50 36
20 17
28 39
27 22
26 23
48 17
62 39
26 38
18 20
45 20
38 20
67 48
22 20
16 18
29 20
75 42
32 20
38 18
25 36
70 43
52 36
50 43
80 38
38 20
56 27
28 39
28 20
26 33
32 20
24 16
29 20
28 39
21 32
45 23
30 20
19 17
23 20
32 37
24 23
25 20
34 38
38 43
30 39
45 42
27 27
46 26
27 35
59 20
61 38
41 40
26 33
34 20
33 26
25 24
61 48
26 46
23 41
80 20
46 36
34 20
25 22
25 17
42 39
35 19
26 48
23 17
33 28
87 55
40 39
16 17
46 16
45 41
26 20
37 20
28 20
18 20
32 20
24 18
33 21
28 20
36 47
36 44
72 22
56 17
50 37
29 28
26 37
30 31
29 18
65 45
30 37
30 37
53 48
26 22
37 43
26 39
26 22
23 41
29 24
30 19
68 18
26 20
39 43
34 21
79 43
24 40
45 27
26 26
21 21
26 20
36 34
42 20
26 20
43 41
23 23
36 40
50 22
15 23
32 39
35 40
54 39
20 20
26 18
42 49
17 20
27 36
14 20
28 37
36 20
35 37
29 37
32 18
36 17
22 19
34 36
51 23
26 37
19 30
28 42
30 22
29 43
49 45
32 20
25 25
34 21
25 35
51 50
26 20
50 41
29 18
21 18
24 21
35 18
40 31
54 43
72 55
11 34
29 42
52 37
53 17
14 26
25 37
36 34
27 34
22 20
34 38
54 39
27 33
36 34
38 21
42 35
15 49
22 16
27 17
19 38
73 41
22 20
30 46
55 37
56 47
22 23
47 39
60 38
42 37
58 49
25 16
23 37
47 55
49 45
26 28
50 40
67 36
22 20
33 26
38 21
23 35
55 39
51 46
45 41
28 21
65 55
20 17
26 20
37 40
13 20
30 23
27 21
15 34
30 17
52 37
90 36
26 18
61 36
26 37
67 43
33 37
22 23
26 36
29 36
57 20
38 55
32 17
14 21
45 42
80 36
33 26
24 21
23 20
29 23
28 31
61 37
25 27
12 16
30 17
35 19
36 40
26 35
22 39
24 46
31 36
60 23
52 20
35 39
26 24
75 70
26 20
32 31
80 51
45 36
26 21
41 37
90 42
70 17
30 23
26 48
12 23
26 34
45 37
26 21
26 37
22 41
40 21
38 20
26 20
80 30
75 36
43 37
85 41
27 20
28 18
35 28
23 21
30 17
42 37
25 35
26 20
24 28
23 23
20 20
22 20
29 37
32 18
40 27
26 39
48 41
15 21
39 37
42 37
37 20
54 28
26 28
38 20
24 29
23 29
12 20
26 21
46 39
36 36
26 37
25 21
31 55
45 28
48 37
35 24
84 48
26 36
24 18
24 20
28 36
37 46
31 21
33 41
73 43
23 20
16 21
56 20
36 24
27 35
22 20
30 18
31 39
27 34
40 39
48 29
24 21
26 37
28 37
20 17
27 36
29 18
21 39
73 42
18 37
26 17
85 45
21 19
31 46
29 21
24 23
58 56
25 17
85 20
39 37
26 36
40 51
37 20
16 20
64 36
26 24
23 20
19 21
39 43
28 34
30 40
11 38
26 36
25 36
31 20
65 37
21 23
60 39
24 20
58 48
17 17
29 17
26 22
24 20
23 21
85 49
26 20
25 40
24 16
32 27
28 24
21 23
25 43
40 43
25 44
43 37
75 39
14 22
26 20
35 23
49 18
49 45
29 45
58 48
26 20
27 20
35 42
26 16
53 20
26 31
68 41
25 18
75 41
28 20
54 41
25 20
42 37
26 20
67 22
27 19
68 41
24 18
68 48
52 35
23 39
26 43
24 21
30 24
48 39
75 55
37 33
48 20
24 20
32 28
28 20
60 55
25 39
62 22
26 26
50 40
49 41
51 36
40 37
45 21
45 42
50 34
26 37
53 36
49 27
47 37
70 33
25 42
44 44
44 37
30 35
28 37
26 17
36 20
70 36
56 37
30 37
66 42
65 43
37 43
29 17
15 21
35 17
30 24
12 20
34 17
53 45
32 40
35 39
43 24
60 37
45 18
34 39
38 24
40 48
19 37
34 36
16 18
37 39
26 27
26 35
76 25
25 39
35 17
41 55
46 29
21 27
69 49
52 48
48 43
26 29
26 37
20 20
62 46
15 19
24 17
26 26
48 28
28 30
26 18
18 19
29 21
31 39
26 20
30 39
36 46
34 37
22 21
28 36
35 40
40 37
32 39
55 37
62 22
26 39
39 46
54 41
67 48
36 39
36 40
60 43
29 39
37 39
26 20
30 37
27 36
43 19
30 36
49 26
40 34
27 42
45 55
54 36
35 37
21 22
15 20
26 39
56 17
68 45
38 19
30 20
29 37
24 20
59 41
25 19
24 18
22 37
72 38
68 44
48 21
27 19
85 51
23 36
25 20
14 37
20 19
95 20
27 34
51 45
58 61
18 16
28 18
50 44
55 43
21 20
16 23
25 39
47 20
40 23
26 20
70 37
29 33
